# <- or =  or <<-
v1 <- 1:10
v1 = 1:10
v1 <<- 1:10

# -> or ->>
1:10 -> v2
1:10 ->> v2